grant_type=refresh_token
BASE_CLIENT_ID=3c90ae7de5dcd0625a6bc49d56ec2578
BASE_CLIENT_SECRET =64b657790785f360a2e996cab0aad272

NETSEA_ACCESS_TOKEN= eyJ0eXAiOiJKV1QiLCJhbGciOiJSUzI1NiIsImp0aSI6IjVkOWE3NWI2OTZmNmVlMDA4ZjZlNDZkNDA0YzcxMWUxYzVjYTRmZmZhNGIzODliYWRkNWZhOGFjNmZiMDcwMDI4Y2U2MzQ2Y2YwNjU3NDUwIn0.eyJhdWQiOiIzNTMxIiwianRpIjoiNWQ5YTc1YjY5NmY2ZWUwMDhmNmU0NmQ0MDRjNzExZTFjNWNhNGZmZmE0YjM4OWJhZGQ1ZmE4YWM2ZmIwNzAwMjhjZTYzNDZjZjA2NTc0NTAiLCJpYXQiOjE3MzIyNTQ5OTYsIm5iZiI6MTczMjI1NDk5NiwiZXhwIjoxNzQ3ODA2OTk2LCJzdWIiOiI4OTkwNzMiLCJzY29wZXMiOltdfQ.I42EeX_EDxwU_9az1k8lybfi-05qPZKk-2lQaGos2G9bzj8NPKiHMTRv7E9g54tOuc1gjW90gl1A_UTi2sEv-NBUGsJ3S_YbtSCV97duV6zlp484MSG7indxVZpgxy1ZPN-4OtcKt3fYU2m6tNoahKxw3xeZs61KQ1Hg05EMeF7kRv1bG_jelVgzcPrm7D2CnmcE6TH9oqvpfx8uPBJajz-NXog7KEV9cgv76gbY0QrzC4Cv5qsVPUs7hmOWFKUpecATwl7opaevqzs-IqujJ-xsbyFJ3NzVvN7K6-3rC5xDq0aRdfoXMqMnI19jW-xIZFBdye5IopLu8PQHJmUPnZ9UBpHYPYtC88iK2suBz5H5_K3cq1m7r_py7D7Xd4RYJngFgVsxa8tJFVU8pmTLgQIxHnlRJZzK4xnffrYYrjwi0Izv0qqqmzp5GN6QAjcrcHMgS-zv_RHhwFgURuibMj-ht734Uzc-I7AM_WWSma_OvsNNycXJ1b4cKbCMPljPOQOOn_Wif8BAL7QCSKob8wLLPIeJnq7E1JR-1KivYYcKRcewyv6rjJrik76V4Gb7pMj_7dGByE4N-T6mkk4F9GuNzQdG3GwEeP8FeRFW5y0IHIMnb8qzqjmKdeD9MSqAnCloJgmrurCZjGF5TaKVvUKg6hTkyKN9faCdLoRFrcs # NETSEAのアクセストークン

BASE_REFRESH_TOKEN=9f476c302e119cea307ce740cfcc7ccd
BASE_ACCESS_TOKEN=7c6e7088b00a3520250bdfb44237a8f7 # BASEのアクセストークン
ACCESS_TOKEN_EXPIRES_AT=0  # 初回は0を設定しておく
BASE_ACCESS_TOKEN=77da2013a69360861857dc8ffdecfd82
BASE_REFRESH_TOKEN=096a4df9902cc2223acbed912f5c808f
ACCESS_TOKEN_EXPIRES_AT=1732392017.961178
BASE_ACCESS_TOKEN=185cd68c84d5441e22757150063d84fb
BASE_REFRESH_TOKEN=12cc8d921478101b90a0913e0942d0be
ACCESS_TOKEN_EXPIRES_AT=1732392018.8706317
BASE_ACCESS_TOKEN=f0968406584bfce4127774ef5daf8d81
BASE_REFRESH_TOKEN=cf375675318c2fb2c434355a43578a38
ACCESS_TOKEN_EXPIRES_AT=1732392294.6720357
BASE_ACCESS_TOKEN=b19e0cc6138efa9d9ca37c3649686567
BASE_REFRESH_TOKEN=99ed0d55eef277d21ffe7a02208c0b88
ACCESS_TOKEN_EXPIRES_AT=1732392760.073237
BASE_ACCESS_TOKEN=190961ecbe49c32995148d4807f84fa7
BASE_REFRESH_TOKEN=1a36ee82a4a100fc71c14103ff6138cd
ACCESS_TOKEN_EXPIRES_AT=1732392808.1801019
BASE_ACCESS_TOKEN=8b4e0bc3e1d5c27505713d2761d3ee84
BASE_REFRESH_TOKEN=b38713e4fbf32ff6104de973889e988b
ACCESS_TOKEN_EXPIRES_AT=1732392825.1378427